-91.6288245696336 2.4026231565745135
-92.8426392348491 37.34018526372792
-92.99000203911265 -85.35678472986554
-91.87964793514874 -2.1600437462139763
-91.47860594535639 -5.2740226159187635
-90.47925820236097 0.31756627589759034
-90.87367900777375 -69.33471754829378
-90.89554249298584 -9.477742066353034
-90.27645194669982 91.38304118312199
-91.35165847519967 93.95942888863833
-90.92403085348249 -11.756997173956915
-90.48711090658665 -5.263028541514025
-90.6811606353514 60.871026809410075
-90.80248030704581 77.44757682936351
-90.96278922691768 83.93908995722559
-89.76560683770727 -92.87948792087752
-88.92476786414848 -88.12073243559468
-89.97505822369632 -71.96047929370371
-90.0307709298802 -67.19728053246041
-89.867842881662 -52.433307515181944
-89.31027538323035 -30.22695524182353
-89.83409032625308 85.14091659815267
-90.22341827444957 -91.6365058541066
-88.74094325543004 -56.84688032209311
-90.27951159003787 -7.251953869300615
-88.54673407599637 -3.6316459997425987
-90.24746229729034 87.57538948862742
-89.43701980844415 87.36215193841284
-90.01780717691324 97.41388009720734
-89.52264670618389 -85.01582915441007
-89.36557185547345 -82.93533079031744
-88.81468312840487 -70.43764390180552
-90.01978265309153 -33.609493880025575
-89.62153921040398 27.700263062562488
-89.87389776556911 33.17529085414195
-88.57503171474255 76.26957941461083
-88.12830884556743 96.65740561585447
-88.73993921023099 -81.50666209320377
-88.61909520956316 -52.51165960375732
-88.61890755262007 11.2971709574996
-88.08422172275948 27.691735731210272
-88.78138583975496 -81.02066153219104
-88.67490122523566 -45.73698701911205
-87.70424372807885 28.163220822937333
-88.06890399077508 52.191479074511186
-88.38620474226428 85.01331293515199
-87.68730959837283 98.14332783759023
-88.88935183788395 -88.72377846909235
-86.99244744791027 -84.63773729197153
-87.7552035226006 -42.633231436595345
-88.18467496762244 -6.070755096163739
-87.77945189629291 -3.78183128262216
-87.93255399144577 -2.998154285670483
-88.64826954488021 29.141957144188705
-88.19567242992972 33.59650738358155
-87.63112136585026 33.3747961077802
-88.23311965424787 49.76227944373407
-88.68488038329026 58.272676562231084
-87.06475725995725 -92.89740816792232
-87.97666082101716 -73.05752923707684
-88.41642405363602 -46.76672804324983
-86.96355645579004 -36.49444327529415
-87.12163775504709 -32.95904096526269
-87.56987695198448 -24.38215566356315
-87.44933834756009 -22.42190719175558
-87.27357280232064 -14.630398939746634
-88.10693834531563 1.0591085625100536
-86.96962200834199 35.26953008294252
-86.74742679885354 62.40219541282039
-86.84108919804123 73.68686610676232
-88.24949616865736 84.80292855000339
-86.60368758059235 88.60688874805096
-87.58050272615988 96.01254964980548
-87.28890059860278 98.91253060753584
-86.67419542574766 -95.31050596605394
-86.43672153467821 -86.12648352014924
-86.78443597597516 -82.05600035210176
-87.83545450988979 -54.85311316200536
-87.73695985494817 -52.43885070739035
-87.5863238562091 -51.252030401225824
-87.11388181497699 -27.196853168817814
-87.23006373085235 -11.214910573085145
-87.59770550425152 -5.115158214250759
-87.9902266599923 8.985217322917098
-87.63662590346146 29.638715221596364
-86.80379350947734 33.028462428605046
-86.53726087928283 34.626485753458226
-87.62066100211077 91.95144260429551
-87.94612352827498 95.4406235142437
-87.01047954107092 -92.84548031247684
-86.53217127907917 -82.43950843422428
-87.61302997795842 -72.91538022676328
-85.71875773459796 -62.20786837841239
-85.75484721634018 -60.999628823134415
-87.68545116227982 -59.26921595572139
-87.17816408380311 -57.214959910184845
-87.39442865059615 -55.81792612135306
-87.3365506604976 -18.80107178265728
-86.0602292396298 -20.133349910790674
-86.22572842576815 0.3216541745672574
-86.3433879239664 1.7868409746583045
-86.92222658010782 12.598887313007923
-86.874087010266 14.719791230828266
-86.947013241093 32.1226684527412
-85.83226364516278 64.63511887373805
-85.7869112536182 94.18066066861732
-85.72874838275405 -98.62466462461043
-86.80732320262942 -84.90302033065099
-85.34408851649054 -79.74340183312334
-87.18706168225178 -69.13772262011835
-86.49749805282417 -59.331585034899554
-86.01586945219891 -56.37591177780722
-86.63267039564838 -55.36784630159569
-85.78711919901149 -47.92384167088126
-86.8609289994774 -42.929740108488794
-86.80856092621146 -42.55535471192448
-86.10100408460329 6.588237060946858
-86.02295186268273 27.672882154912415
-86.66696170350797 63.706443856624574
-87.23723073170149 75.81864991195332
-86.97937680334185 86.88792626152923
-86.65806378283217 90.4396083681637
-85.87631052432116 -64.73098765151651
-85.16649757627604 -56.23692894008992
-86.76986454569781 -31.13536192385661
-86.59692393702092 -21.105554922509715
-86.70042117760084 -19.11229517902664
-86.7140049528522 -11.845425262505668
-85.5998984722894 2.0124292259750405
-85.86698811575947 5.9627449060437865
-85.81099151753527 63.40811625053104
-86.56890601098752 78.18087546435054
-86.03428292816521 80.8738987871052
-85.17010350990658 82.85992456626933
-86.71541753853002 93.7516367242319
-85.34230569101882 -98.00867117266112
-85.63867825203597 -96.04179345975203
-86.00517821927905 -59.401000278679184
-86.13069548044625 -33.07484038139657
-84.65660707628903 -26.965018165705203
-85.53546550591325 3.5883796021581382
-86.15717481102732 77.55541962039032
-84.9611442565113 84.13354535965506
-85.45997875094416 -59.985034099952635
-85.4154432805026 -37.44573422949123
-85.60158452060351 38.46000961741875
-84.7323286366953 -25.517008578380477
-84.0063171131243 46.167766758996876
-84.40478547549364 47.11148542966606
-84.80619841841684 62.31130592707097
-85.07714730135046 65.23314122814222
-84.07081186818523 72.13297080505458
-84.36629529005158 -83.99954582961932
-83.4878148596794 2.1672041128840367
-85.02847446572474 3.4447182360922217
-84.5055944271628 34.62304594495437
-85.07762473948411 65.38815394516651
-83.95322508456285 72.88196337573787
-84.0023213357608 73.44938771471928
-84.79166423653345 85.71843591153927
-84.46705606415414 -50.814686551939694
-84.82282863096971 -34.696322223256495
-84.0263484779531 8.428852440375918
-84.37249099943824 59.589562383916686
-83.65320806974339 68.45561933257872
-83.97944440182397 70.63637624724733
-83.3856673061496 72.14282647456514
-84.66867943968579 79.81772241812146
-83.57989365184764 88.67652603253615
-83.73222460851089 -92.25332111435817
-83.90090108130094 -88.41542038311444
-83.10635217884176 -76.12968862652038
-83.91165806981472 -41.398127628489796
-83.13056628836787 7.963923818330205
-83.30106671943034 10.955071494382251
-83.19674507049196 15.069747466507643
-83.24830271412824 52.70831879439488
-84.01139954882846 90.27338622511203
-82.30346850647115 -96.8416660135901
-83.98837241755872 -32.72844394077811
-82.54838758103884 15.26828939898564
-83.19873465353244 21.348795593447587
-83.51076342036527 33.449809479804706
-82.5399504290531 53.93943957677079
-83.89573409973042 68.1708979043672
-83.6883473437535 -99.35601362473153
-82.4029149220022 -81.27467289134965
-82.94275477059986 -81.68042747373678
-82.93011497463657 -66.50514034508798
-82.02800380500162 -64.45163867915905
-83.42005739204599 -64.53613349003713
-83.35157531946196 -46.687393584389135
-83.38116063897607 -42.5715707904515
-82.64151087167954 -31.10820432359102
-82.63753530088549 5.863536352209329
-82.24077966859436 56.02580144761178
-83.15694994863458 64.9653015235147
-81.79562431565486 -96.24263417139959
-83.13671657764291 -96.91780952934339
-82.08056869256374 -95.37138494849718
-82.56101213648444 -25.854675592356745
-81.8881225120817 53.94854399069324
-83.23605526810441 61.325292072112205
-83.10246006458335 68.92727571410222
-83.11283314900949 75.96107981968777
-83.41189044799151 78.13938094554484
-82.44905101115545 -83.7037658002513
-82.64849952844794 15.828538064306162
-81.88805223595784 36.926889256680326
-81.2388853974332 41.69949663859857
-81.70296641407731 -82.52053189257768
-82.54204355971538 14.615734690375284
-80.92315184344193 23.475726914345955
-81.89969408068964 23.618157617377538
-81.21757694707055 40.78122833452006
-81.183498014375 52.89496135590146
-82.09652093496707 94.56914270646091
-81.48187766009559 -74.65409422592106
-81.52704257049533 -27.366391153275185
-80.3198792962456 40.92685274104863
-80.75558249702746 64.19065517882456
-80.9356293574961 72.58344874008444
-80.25984599833275 -56.06022259149234
-81.39908072075912 18.962984951039786
-81.56521482013069 54.32735922915258
-80.52873242300096 11.596142739203446
-80.61145047223238 16.008057735532137
-79.9006720578776 19.15491065814754
-79.79631149394555 34.53382108364322
-81.21100807799547 51.07018702829814
-80.835982665374 -42.79538616014704
-80.38356110507083 33.197445073467264
-79.82809967531543 42.94920650312966
-79.53138307519569 97.51707748580527
-79.23050982438625 13.265694582779325
-79.26248714827095 26.919547222588577
-79.4064490114832 66.91553017051221
-78.56905224060588 -81.68082856606256
-80.13987963899837 -45.619994602211335
-79.4681729606375 -39.07791790108419
-79.05879076613233 20.65628299526301
-80.28043519683101 43.9516815354889
-79.57425740094868 48.03963585178535
-78.37263040764122 92.82731362028969
-78.6130496477162 9.901699817502232
-78.37029379048256 18.95018167723802
-79.09143838084663 20.25016684874612
-77.94056941590969 -7.861004936057059
-77.75806206216431 81.25404992486135
-77.98048038223676 82.87023818923122
-78.33744435092686 92.46663358422205
-78.53390015266697 -41.295761634215275
-78.4822298357757 -27.238577858633438
-78.57400859776746 19.374460278067883
-77.75015761847982 -86.256300329377
-78.04996989286047 -82.59527898850043
-78.48190635950077 42.893682235738865
-76.88922919420304 21.27529986701471
-77.85447750109039 97.65444393384114
-76.12505117076896 -15.269814435870053
-76.07341375271818 11.682105084279668
-76.37582457758022 49.663012765541616
-76.51649556073392 77.49332969563534
-75.6255004498774 -37.891206621035636
-76.8860320287873 34.936957318953326
-75.73774307124766 58.51429414100977
-74.92814651863674 -83.69774806956018
-75.4122418662773 50.30317045963424
-76.33976099398105 -10.661887698398958
-76.04852400833329 7.5832629417292985
-75.54371239521132 11.008439541099843
-76.26477531801405 19.03478279926262
-74.12744109030115 -46.21881296256821
-74.18855362664267 -43.81767072107455
-74.75551102998705 11.585760628110195
-74.66915477824865 13.751599878622848
-75.4923201231832 26.347022317099515
-74.29321273333497 47.40499944380927
-75.40006617047426 74.35864697725536
-74.9118816447187 -77.2457224595558
-74.6551809477257 -29.100767430462028
-73.44847013872696 -16.174084832183045
-74.03195661696373 14.399513235182777
-73.22310904056917 40.022947837473325
-74.44974932908372 40.144802514929054
-73.48148538276929 -70.75556363242329
-73.12185959624006 -61.17705079897339
-74.39685016631033 -47.21141710823437
-74.26856880759236 36.66603398605346
-72.57803601914296 40.226995814146726
-73.02230161707772 78.0443819669241
-72.19027425832404 -23.15640554608449
-74.01224258875716 0.21479904718756315
-72.65552149820428 6.915466256088614
-72.1290394820456 -69.74204792463584
-72.07278053598638 -41.60487387787165
-71.92706576516301 -16.58762717710762
-71.8425056671801 27.805525512810846
-73.16709409735009 -65.93682342084928
-72.05771059421649 -41.38267593545015
-72.60554641541577 -40.371247595598696
-71.84592815786414 -24.203788842611594
-71.33021845993713 -17.749903270336503
-72.00083714711359 28.264202614746196
-71.45861898991419 -98.5690744893765
-71.92359731429102 -91.59404123593428
-71.46687540898282 -77.69448352947784
-72.4522366711617 -17.69248300935301
-72.11719164123711 -1.703876049946972
-72.37076679172743 5.681022440921945
-71.29277349700742 72.25897927540233
-71.69676604989778 -73.17637362965158
-72.14746082415947 -52.196705100189824
-71.30288708925755 -45.72299944097337
-71.89555455605115 -40.177148195737004
-70.99583609748515 -3.3384260075872545
-70.59556923230096 12.77890190940932
-70.83503400474925 -99.83112475980683
-70.09554849144176 -77.68504302074406
-70.6724608684896 -68.05529534390135
-72.0160474742158 -35.396864207813834
-71.16249749658441 -34.058069559359346
-72.04907070874192 -31.71204199568093
-71.32691686974376 -7.725396755787016
-70.44542323150596 0.676499470041277
-71.15574471812882 2.708212802540975
-70.95482940273605 59.959046045423065
-70.6151189315917 77.39813445013155
-70.98965934610528 -64.42375292301489
-69.95378097655465 -45.54870151867689
-70.4061024704403 -42.76546947255153
-70.73199775850811 -41.66292630929092
-70.88147969838148 -28.462363069903382
-70.16156599901308 -12.696407875039384
-70.3899842994172 11.590262280788597
-69.81488754208675 21.893272990262066
-70.23086560557228 32.26077765020173
-70.31399055485231 42.04227961321618
-70.78650610808518 95.91018517597838
-70.08556503169856 -78.46300923294775
-69.6750377484698 -41.48514778760345
-70.06272011007417 -11.157046712068508
-70.47184823801642 -64.48962164709216
-69.8978615860093 -40.27055803719429
-69.27684168029116 -41.18771777812425
-69.23710910537491 -31.68229270534571
-70.49446469762968 -26.27808604688837
-70.82864635443178 -23.499673827118894
-70.80187197938491 -2.7896275486621667
-69.15572995607627 0.4645919946546324
-69.22205078932718 14.287175525847733
-70.3439241993185 23.69704769824925
-70.78018399084459 47.16147194900172
-70.37374331074875 78.57465411440205
-69.67181176171883 -99.92632410388445
-69.68923517518512 -45.45655637092311
-69.89859521433343 -33.229976009007636
-68.69750385884012 -20.011375816061044
-68.68557039706357 6.22717210848451
-68.97218671770858 95.62975520130122
-69.5153664843012 -73.40889404937593
-69.339208797403 -38.314625493829524
-68.85158911217904 8.3348177670377
-69.4677402903561 9.254155156265774
-70.04185701171954 22.608885950367593
-69.44432037954219 43.48081161511333
-70.00368848596979 82.3917601671352
-69.22542248292295 89.61843680307848
-69.19426000560809 -95.13870900438113
-67.8418960038737 -28.466953699105396
-68.8293851227428 -21.17416333512385
-67.7730225689258 56.316770728040574
-69.13462994286581 75.35118159905711
-67.92114436700149 84.53665082502714
-68.77395109734475 85.00345034418349
-68.92987448598997 -98.91543428443073
-68.2559953673295 -48.328303366805734
-68.71203328250604 -42.98838536821877
-68.85271700224887 -41.8902586531736
-67.6215368108962 -33.44163237409056
-67.51874379131812 8.941642006549378
-68.99964915428812 11.87237257712187
-68.11617541780052 18.161970982379675
-68.09808532123807 30.741310345661258
-68.54167750129581 51.831049266261225
-68.32710253351152 72.01132121591634
-67.34142337257526 -59.14455792541411
-68.92926974077858 -34.89381834465999
-68.71450700572422 0.9354167595610547
-68.91071722776263 11.152363987860877
-68.39902042438935 45.932932196019735
-68.50557425689156 64.52303018232885
-67.66962059936779 91.51818115603474
-68.30795213483243 -32.6682184579453
-67.0044182253222 22.347154995328122
-67.95336652930206 51.07700961948287
-68.31545892765578 80.25422538297856
-68.0105284582994 95.23897933029286
-67.63064082354504 -48.619068788177515
-66.25683178660273 -23.344137055712622
-66.59752551188774 -14.469365381146952
-67.40170738815907 2.9875867267706813
-66.32298290512067 27.96018380192563
-67.71365259819292 94.35396481836446
-66.81102594588234 -66.38813118855195
-67.24595993167503 -52.75783579341203
-67.2284807278232 -14.6822727081385
-67.37728750588484 -12.375117019004598
-65.8751761600792 9.668129533988964
-66.675146676721 18.960498054747188
-66.51039432671655 50.93081923679817
-67.6660236141959 65.76648223237115
-66.622739336428 89.8230766115684
-66.19745468785129 92.76226894685055
-65.93254380633786 -17.441156496503982
-67.07143204206837 -9.19682814603922
-66.20899732759695 7.001738010147343
-65.5436369709199 8.71001259282719
-65.776559953216 35.23346292837438
-67.20662311655968 49.96077687902248
-66.03365301056981 78.8887687604133
-66.48438769559347 98.31340809457501
-66.55147515439862 -31.77597673123741
-65.26726564006216 -19.230040301513345
-66.2106344336155 39.55787485317797
-66.27974942084408 42.24767247399268
-66.22438940038388 43.26830064319847
-64.71689216468056 -78.54831588792388
-66.0823314837012 -14.251589283791848
-65.03840505940059 26.267906149936387
-65.10702094823682 35.600333353768725
-66.01289443000199 36.75418237951489
-65.00432132668443 48.94382907016287
-65.67485685421747 52.91641250174928
-64.9621377235639 56.531561136243994
-65.5524075929709 70.7618937440294
-66.1754105062366 -70.50168484508612
-64.78784390217768 -67.03590267863565
-64.36329802020288 -65.49625099155203
-65.23004256566676 -25.110839356942936
-65.31539750546474 22.19852582116908
-65.8091545734251 36.705733919532754
-64.27984205551105 38.350376269215616
-64.75517764966247 45.69936908661581
-64.82609581752001 50.886857681360354
-65.59483658404817 65.89076857319257
-64.59663265644099 67.14387274062284
-65.9753390259487 67.95680766186523
-65.3147070503447 81.09241751643823
-65.99834283108153 85.30194034966131
-65.58025483647974 -78.3684901119464
-64.34782242168164 -51.89924953115844
-65.54545008869636 -2.972917419004583
-64.85549082275892 5.320568044979436
-65.54994420256374 26.816664368822632
-65.3825783411671 41.70173958650504
-65.20738531516925 54.61962537280019
-64.21080108495002 62.922920471007345
-63.88791031438209 64.4088479765362
-65.69898504726196 78.58722994431253
-65.1186086758972 85.4205849856408
-63.853908814925255 89.96898495347871
-64.24995000517744 -97.12941623080683
-64.00300847233662 -89.87923386706757
-63.641140670550065 -68.50181781455171
-63.92720127563535 -67.12793702209537
-63.47885319877414 7.80036615740784
-63.82077358774368 10.347705175922632
-64.15665805142325 22.621916011634625
-64.67251574128817 22.984955998499988
-64.0289581543277 24.869618240822987
-63.84684274710647 45.62090829484137
-64.56617935951505 68.41728229792827
-63.78024920146163 70.68900148141236
-63.640836081635854 87.24234505329659
-63.58454159684983 94.82821383347779
-63.25099449899175 -89.82026001608027
-63.46121692615485 -7.020678322923448
-64.45872036445645 -1.0297799655735864
-64.99072257775168 22.828721623351164
-63.93066561493028 58.90166500301673
-63.76085642525381 67.09947367611103
-64.77042414137553 75.78169103868072
-64.74824556043846 78.71796155964195
-63.34429771847785 80.34503993514448
-64.69961809951481 88.44204340918019
-63.3552512232679 -89.24141832025582
-63.130938306639656 -86.40473834526539
-63.301560277061235 -70.18607444276226
-64.2700403896625 -68.55884454775877
-62.83685262361732 -17.940158732332435
-63.04403608505655 -6.412453822503679
-63.81328800727691 -3.4835212414770242
-63.20586202324076 4.928012980522819
-63.95786735933831 19.633556915705913
-63.172197407681814 41.66112701544524
-64.40339934943134 62.81646815822533
-63.15276089347316 73.18515495206618
-62.88558760594454 81.55865944298107
-63.89198998403463 82.8602560631817
-62.48642456860751 -99.01649236730547
-63.452726648906825 -86.16593323393357
-64.26861623135285 -85.02613683613552
-64.16778818012483 -78.09302182566802
-63.67120594875952 -75.81229629418787
-63.46438155831355 -71.71004306637191
-62.59274104205697 27.693985955169328
-63.38539002942653 33.06157348543078
-62.48223818290008 37.44957120553506
-62.69447725706362 43.18912047766374
-63.997997383361025 48.73859602803431
-62.70970609173616 51.098260938224705
-63.171289862482546 61.12616193489404
-63.109557761436314 66.60467126106904
-62.628627160032174 23.9937811821189
-62.95605035969532 43.50619037326717
-62.02557577182873 52.83772559010255
-62.58103843619454 54.00522959609531
-63.22903244397357 54.540966776090684
-62.33981809289751 65.76396925422173
-63.27080860297651 66.29431315801438
-62.133990477336084 67.65807981945937
-62.48194123578664 87.64812095642475
-62.56287031389991 -75.98798849166344
-62.593586137040006 -73.89648445748014
-63.22553720930984 3.2250434090002664
-61.93214509851984 28.13981372286847
-62.33109248533589 31.055618280933977
-62.021314100190075 48.463677686869914
-61.93017619315552 64.95446985918697
-63.47285037930333 77.29955867900398
-61.802815691818566 86.092228099898
-62.61272446667128 90.34135384265304
-62.74820537104101 -90.94530176659268
-62.918187157298554 -8.305702477256188
-62.132713076812884 0.8922751130401485
-61.955760386445526 6.759269727377164
-62.81595557170611 12.045540696662902
-61.377933979472914 21.89961442730767
-61.59754878675057 23.072623560889784
-62.367320335611325 29.899930091910115
-62.46157778916964 51.33583018916259
-61.19181567016027 58.96328681910264
-62.4888682685574 86.29957243831635
-61.66808739692518 89.0147728014195
-62.93364043168462 89.57234279375135
-60.896280997375264 5.877735919898958
-62.527441501858135 12.301139663220091
-62.00522034287946 20.934403689709487
-61.63492266015652 47.09239486904451
-61.87841069990011 59.691958298722355
-62.528844511696434 69.26566775622096
-60.800668257067194 78.70816832157145
-61.648464581349515 -84.72044681956977
-61.76297461759477 -51.27074178974797
-60.376687888230826 -3.996106044577539
-60.510079797722405 9.112716510950362
-61.57794020169518 72.06002862201565
-61.019315064965795 71.83560396724806
-62.21121810239358 79.19912627888644
-61.44587623265964 81.07333625172168
-60.25164233825051 32.07574771944675
-61.58417520006378 46.77360906647461
-61.32309412170007 74.03521419048461
-60.378416016163776 88.64529058326835
-59.89039857107053 11.820867428171207
-59.59149799809271 20.688920113039284
-60.46957919158527 20.849712608571636
-60.23099965368847 26.64907190813346
-59.83991133485917 47.92638540764454
-61.29958157445124 66.77516614277165
-60.1909851960847 69.94460801167726
-60.83468019032368 73.25580561640194
-61.25060200214529 88.85222293971175
-59.39700219667215 -82.50380892131446
-59.17118201011795 21.932550369938724
-59.3640175226308 32.24602101557849
-60.10855259612075 34.593526542539365
-59.70211197632617 48.270892639941664
-60.58371288340114 62.121927262983476
-59.485128998465605 74.06118908148339
-60.622855531729506 75.02909106212742
-58.96474738018022 38.524438803064385
-58.951633041399006 71.15803420076541
-60.25583768135067 41.35119536206787
-59.38970489632833 65.8550512618738
-60.29956886594736 71.80591732038064
-60.2108077560991 70.94804339244439
-59.98019539395835 71.53249531856132
-52.31475262803782 -51.82822930425329
-43.81375562477758 -61.486731419379076
-30.578968007720245 -45.08412505642375
-24.990898057490565 -43.31184793753444
-22.853220557861125 -48.76558372786587
-22.483449321294202 -52.15640958393681
-20.553452945395016 -49.89059235459406
-17.472381715595137 -42.71328610548465
-16.937466759651542 -44.70744080369178
-16.81712159376768 52.38220743240792
-16.173470159369884 37.84707972708953
-15.87161647877112 54.98192204839419
-14.4230029448625 66.47832331690093
-13.51381116615312 15.522654881335747
-14.202249321786269 24.10950764526118
-14.684128118079528 -32.699610177828
-13.56719596419017 38.62762803885162
-14.307439892612237 -11.318550923486256
-14.388846824284778 24.561885513122288
-14.617301075572755 42.04810765123642
-13.509772176265562 55.089077035552634
-12.83488466814231 67.84462844803282
-13.946254082505346 -24.728078469388628
-13.422616834474669 34.30998986874617
-13.48395442170842 40.33414810135692
-12.853792166155461 58.35292210440193
-13.722942739872963 -46.27233796845971
-12.673693371525703 -26.78071142193995
-13.107094093873183 -16.2245669846557
-13.102189478216658 24.156071328114795
-12.96034933045456 44.8571224801671
-12.987944264694201 -40.57594621630104
-11.584896256207507 17.036494612772987
-13.255008685519062 41.37822466274582
-12.757611450313963 41.468974430377386
-13.019392628300732 57.856904035895944
-12.658520228866163 -12.715862631360459
-12.098448515387325 15.471373451346516
-11.823260316153679 28.934722841503092
-11.49554316476043 59.1767524546159
-12.073803962532217 64.93764279541527
-10.874102407373021 12.340755936031366
-11.603651885533854 31.435453955842828
-11.477056397559222 37.73857843848604
-10.397447310423342 -30.64061885682472
-10.448953319175253 40.615786808210586
-11.423014703968217 41.26586693669684
-10.870292318311753 52.03173994043981
-10.425476355412245 58.071937507246844
-11.417684711619549 57.85640243671014
-12.100239084295456 67.00202835977589
-11.78049327263324 -14.686964445419575
-10.964241401082427 5.49724139707144
-11.632808503246121 6.385508252713729
-10.044099696956494 15.031331133713302
-11.116774350526969 83.63942452586707
-10.363517944965484 96.87108750892163
-9.696653683090686 -39.55336399029084
-11.18844760149672 12.675360690349006
-11.04345130307583 33.41812885718068
-10.921577694066736 37.49328300387734
-11.259404530436347 37.01849804193811
-10.839559614563166 39.49873350188224
-10.440406947926709 51.37047644374161
-10.88944254494218 52.643862101149665
-11.012660589632437 61.274155165762565
-11.397458869514466 65.17690379892002
-9.197060003299855 -32.03994042465679
-10.474659191410405 40.80112879521632
-9.69814406432372 42.42243383920447
-9.411468378781143 47.93260981095789
-10.478761756296212 -38.048095696770545
-10.572841386171485 10.027783130648583
-10.103058453225243 19.23029363955378
-8.935970222418359 33.773424116219935
-10.068581305901418 37.765835896053225
-9.645525595167022 96.57228541545336
-10.346700988873664 12.601810990514068
-9.057595943932977 15.962332969426367
-8.387576234370783 46.241376016903956
-9.619616592197435 46.88351899786462
-9.963919510522935 79.84873164271535
-9.016082552534932 89.06162917027385
-8.45667515698754 -39.17827727697652
-9.910535280743632 -38.19170393746287
-8.96680791676056 -37.406264544682735
-7.993972769493465 -32.48061513163048
-8.479138790337856 -2.9447278979628106
-9.360141908413343 6.973196856035207
-8.82057789529459 47.83199333881469
-8.182938717647682 70.36137183436391
-9.264555198829633 -32.91684983984445
-8.80197263618849 -26.748028550306653
-8.51517036280567 -22.829135420872866
-9.239736458635123 -7.5660724728392825
-8.40766226419393 77.33823048805951
-8.037413260926392 -42.745304291855035
-8.94648772118991 -39.573323106320245
-7.542836019331993 6.6191789457981045
-8.359945158433893 35.85077381980294
-8.063172598236989 41.329499443306275
-9.078553284000892 76.79333606247332
-7.890169766805524 -23.16015987524492
-6.877344376880885 80.40121171096882
-6.91092500021491 82.29988916235713
-8.076027001951388 9.76454245349624
-6.829395430663265 31.199768594912385
-7.107439704405475 35.17149616191827
-7.42998554564284 47.941524784621805
-7.176272992682531 83.0554354487421
-7.929403799245457 -40.13132744087818
-6.52091091209803 -39.62639476050641
-6.5476127303458345 -38.18168843206146
-6.059311625894903 -36.106855023848446
-7.505338025303102 -33.8190521967285
-6.925589032094576 -24.323194668847904
-7.279221639670012 -21.78381872383534
-7.363197148597926 -18.352709143617666
-7.865055495409983 -5.959257787585102
-7.793462606598647 -4.435544950653881
-6.9688098481445335 6.878312686909611
-6.885770498581859 72.55480980524263
-6.759880762314628 86.01357209565309
-7.165528735256919 -17.38562742616931
-6.6184573202067405 -8.417407896775593
-7.34977017297204 -3.048355088179731
-6.950196998305412 4.6858723994250076
-7.506741403111452 5.814372665207922
-7.547854128386656 76.51314586296473
-6.040778942911237 -9.9525661506841
-5.868548095271717 3.9249322678065335
-5.992708173727566 27.583260388233864
-6.944897316688129 50.19645246862466
-6.545825574564609 81.62007399168644
-6.208870256077156 94.00940422061382
-6.599485615733146 97.96558968200478
-6.066337041066751 -43.57405720787935
-5.160577292236372 -27.989831714237432
-6.012865311388328 -1.5579381981689773
-5.722802223157974 -34.34260404059093
-6.034680917473123 -9.80030944229064
-5.433413782478539 -7.418058990187786
-4.505246558818563 5.239666652029933
-6.0537218944895566 4.129386586482608
-5.0573140455856365 49.46997888335648
-4.8823507713731775 90.19773208959545
-5.766886259968601 -44.501574152972395
-4.583970620723342 -42.6919770943129
-4.7867619534423085 37.74596541547075
-4.6380299086928725 51.40486072050428
-4.10804288206029 89.67318120314165
-4.861465530349179 -4.667545426025209
-3.9633658013569835 58.71787449173657
-4.716012448108455 95.25602934813146
-4.85382384529861 -25.612894507796746
-3.833749002833934 -11.169709686327817
-3.310881466077909 -2.8779583407330476
-3.859490984816608 -1.0017639366347821
-3.7853193074372653 2.167020927807445
-4.2601513641577196 23.335265130543657
-4.315881855448847 42.64815309535475
-4.679147823473829 48.16821322432791
-4.769414716634978 52.96973646607194
-3.649770418691207 78.72560034640816
-5.2927373120070165 90.97094066746595
-4.441191735581516 -27.148878704817243
-4.5834843490622 -14.303859704664628
-4.141382025400889 47.71711515055718
-4.759196163781807 47.65492539024689
-4.277708568486226 -35.90220670024941
-4.419894866189744 6.515303474106352
-3.36644475893085 12.750712910285515
-3.8105916777408577 52.313828714932136
-3.1423543029863756 92.48227870955475
-3.998898214761305 -21.38591521290971
-3.6466894100520357 8.970704674324688
-3.0617017200040584 39.7252620200849
-2.7698686756070856 53.39170372057729
-3.6700426224241007 55.2593017083494
-4.078427057663815 54.72845601904872
-3.135886798121642 85.56229143704023
-3.7296120331578586 85.76417883348407
-2.5859029614851967 -25.508252431861234
-3.3343828541780267 -4.073678340702513
-3.608412090244389 -0.08419461905870862
-2.426106883482274 22.742235008821297
-3.3773336903185047 44.61066791439483
-2.135547374094698 67.05424288627673
-2.12862161425563 71.2293750816127
-2.731557661739356 95.32223273150676
-2.7129412038606118 -34.31355682481689
-2.5954975679789603 -23.633429543208404
-3.077301431708796 43.20063764694187
-2.7560971272104386 66.29989622337533
-2.200940132922498 -43.35653439664572
-1.0646898006384415 -35.21234639504058
-2.846042592375837 -24.030309128039356
-1.4308823118672935 -1.3571435212416445
-1.8635473348325073 30.232774755227297
-1.1407303465640966 -9.70605833318542
-1.7833667949348406 -7.311689792606213
-1.643405613436366 -3.1391348917921347
-2.557359481608442 9.988521609111913
-1.5306329047654856 35.847156944292145
-2.509467838247911 62.97906904887668
-2.3559066726919653 78.94142710814171
-0.6387500185147017 91.75951093620769
-1.6261253656777648 -24.227852201094837
-0.7958271956456464 -9.457683294945316
-0.9803468719784396 -7.7822693760253925
-0.5232769940178028 14.88327767667365
-0.36954436180728667 -20.051910328071582
-1.036557779527172 19.620171604907775
-1.6503738214245385 52.47456369356033
-0.270597706597407 65.54096678383951
-0.7520806972814671 70.41737236530574
-0.8998205429636823 -32.118044974676515
0.3018014937954552 -16.284127409631314
0.5517145000040862 -13.501819331575469
0.10858251047366974 -4.257354830813945
0.5747389420506732 39.407970827171454
-0.8328894833417879 50.827537833632185
-0.2997877531944466 73.95691549879756
-1.2033136919511924 74.84457639942889
-0.9289289970416839 -28.060759481857094
0.3623988671331384 17.396159885741007
-0.025498640439235443 39.75272671517517
0.6953118318728377 44.78725448922472
0.03720774814637973 74.10637557456619
-0.08732715082724885 89.51495192696075
-0.2735209357181383 -48.57799548764291
0.8254506282172975 -41.83380951465287
0.34646179144734135 -35.05436046335671
0.8981263975467639 -31.48894040029533
0.44585702495528645 -26.88661236011809
0.5190072189295867 3.655137465446258
1.3021141030679482 18.95235066819673
1.37308594551817 67.00470867034393
-0.03370024158779117 73.02373264735319
1.526100460282636 -45.707449874509074
1.2235626538995632 -42.20825733276591
0.634661843592226 -34.877175024928036
0.4182821700900037 -21.65856111827084
1.2025972290963338 -7.096101835377381
1.5240857259140894 -2.183935038377822
0.9321855668698755 3.1984257786713375
0.8718999850391564 7.144691594334414
1.0567562660000758 13.523245305833077
0.17269134885372495 13.469703495140141
-0.08816199202972874 39.26430869893798
0.9410380473736017 65.9931660930923
0.42056503085594166 -43.22169968810779
0.8551009984007132 -42.37416474817386
2.1621079515131756 29.100519903137982
2.014246389270426 38.378005988702185
1.0214954549318747 -44.16924513447938
2.036441887958782 -39.428940757064986
0.6627438558891516 -1.924763196670601
0.8038410340294095 27.377799669624974
0.5801322302139262 30.123460933010936
0.6157198882467643 42.12638147690444
0.8863537738867038 42.96799739138238
1.8693490107145954 55.32827899852913
2.2252672057746596 66.55822694593915
0.8306211916320152 98.0309714195592
1.272638589584611 -23.764319387829474
2.096355232617867 1.2791604574940636
2.618721668423378 0.6432048922260967
1.5784270767359796 4.395106518954774
1.1218848011070455 23.401731326310156
1.6162690938771915 46.7278539434704
2.415820793768434 49.45614800562197
2.932265285589731 50.26728797887397
1.882513797866953 66.96555232386699
2.012870831675613 70.0687428265601
1.4900331824201216 76.27735053739563
1.9289064660857755 76.99762296359388
1.6206847260141335 -17.49541807846645
2.3426273379991933 5.243779648339309
2.3720139209318782 5.680583319870726
1.7158051047069873 12.41573852951427
2.2581660604322806 28.739301915299563
2.9775487009082706 47.61773462749434
2.6722671422523994 49.76970917728762
2.714002016291592 51.94147631641949
2.515663780548652 70.22107950879241
2.406584480635238 95.65427355587074
3.5371075858601784 -16.761425953038092
3.104904270802188 -10.755141373414663
2.1754045514739797 -1.05698193731868
1.9811149989650922 77.99223055112174
2.2443348846394215 -46.63123323472895
2.644393261400775 -44.4216059510963
3.0637030810704564 -11.29454039509171
3.093567992572653 11.46423235479755
3.2109537606264533 62.510270915458605
2.7951724557194546 78.16249961951051
2.831812848272408 -27.6133025369446
3.3961163276577575 74.20684672933682
4.114649969681755 -42.549994320030265
2.940916662996515 -19.63992777893043
3.4037330736858387 -12.929692045820769
4.124048892738094 -7.5098219700562465
3.4766400490231044 66.87217202017176
4.013369959040908 70.16070232295519
4.896335201700056 82.40582631965971
4.75301016328246 -30.349357784074503
3.54666341806128 -22.84427834180073
4.9164148096706315 1.0081017389000366
3.604265436637181 17.0117525189868
5.21369427839878 45.24809635547731
3.8421730676098695 56.58331879478312
4.642051783829392 57.70661273383245
4.747598680820628 61.82714686124503
3.4323073475076873 80.06757239477831
4.312807380703196 -23.211761326743993
4.31326389569853 37.384683676640705
3.7396462717294257 46.23419427198145
5.318665274662423 57.421077761865455
5.252715630691302 68.29520387051873
4.213727209765282 83.47766607209807
4.664634832674041 96.4752924206126
5.5472335968206785 95.16492105397404
4.903826233458731 -49.29514050488298
5.090958707047102 -46.929409327124944
4.085641461718438 -40.203466810707255
4.595763892440768 -27.76020266524989
5.4969796822224195 -14.141032964503266
4.955398078618936 22.23008163771028
5.143814218478594 -18.961077539360573
5.018701394891762 -18.659035859137692
6.014848977119746 -8.94237489644414
5.474642376592772 15.28870632988363
6.38777532283415 40.896701540407
6.448858476802714 56.4229354532684
5.981142566971559 90.94205965628304
5.13695462031205 94.70911571371555
5.3873019320907 -57.404858368675214
6.016884967357758 -47.188537417469405
6.301322727371322 -7.993428859145065
5.251419133509117 -2.493492762229321
5.343407920137199 2.0659915118995107
5.678195315647145 2.68760543002755
5.188489339982585 4.0018092895824555
5.565200966346678 5.932285191476602
6.118096961038081 6.666477153433542
4.905374328236075 50.623550193654495
6.510587144295149 59.91627198243929
5.944849504673098 96.88001122105864
7.178405536357799 -42.84488721301785
6.362100592586688 -43.865312323443725
6.327419203918158 -37.10218047969066
6.082165268577691 -7.687236285634458
7.035090200487806 4.8801882418147935
6.397901703892387 26.23019018878751
5.394997224714099 68.55751572002929
7.098115591786054 -53.792758854526525
6.249325611829542 -28.456690237513126
6.705592562882523 -19.900553938121558
6.273960433066433 -8.04415293101707
6.060161764516039 37.10368729146153
6.473528179629968 54.77391998968683
5.784735981265435 62.85700346371776
6.217075626983517 75.7727683414818
7.5468161416399955 -1.0861877987840678
6.870731815104971 62.42579574086457
6.881469405081405 74.43290276905523
7.5640565682408205 89.50065450774343
7.822767792066229 -51.92605483699598
7.308751209775593 -44.305736724128806
8.065045155129777 -42.63367648556394
8.07305529255989 -34.30436125904287
7.122069892813388 -26.6993182095995
6.644817914083149 -22.796081100860004
6.915262601559323 -19.35656448050759
7.2241864749247355 -0.49530436180969906
6.5026999996765245 6.874030067287466
7.339879321471532 14.841191465425027
7.596928027376382 63.839695093089496
8.209204112522025 78.31418845464539
8.23890724058823 94.67112922821642
7.983950025757087 -54.00048198317138
8.74376723770353 37.750981998624425
8.630991317536546 37.487206802279516
7.414837790007821 43.54604847822122
8.579588078920851 67.54453880056319
8.772296228244066 69.77024350334919
7.499008931401286 83.40230036410651
8.064541139741186 87.17524791595908
7.770647530970869 96.86530380791712
8.31188451758401 99.73437679931523
8.551075643377715 -42.84793374968059
9.08931069293206 -22.568426487020393
7.3867211125154775 -20.900637722657113
7.805897690994824 -7.178646714384731
8.668659302438344 -4.658497498016109
8.803760703750637 74.33185648372893
8.325598388084854 -45.54187830229965
8.421792458777743 -40.31286515858194
8.596168859577599 -36.05542199427335
9.278477801800536 -29.021209374929825
9.329036452524006 -27.195545423328905
7.712099588900831 8.265326271973338
8.971677772127677 7.8696530081319
7.760347179919176 26.838934141851198
8.67955561630686 54.99386505787892
9.653395413201181 -60.462469339649786
9.341724178584105 -52.79249950332664
8.9583202066489 14.53571853210642
9.949927779296434 27.123581938372038
9.806695664570888 30.996162854414454
8.728305190147928 51.05933321129585
9.944613210028338 72.07925717102552
8.56319279263197 82.42719467732417
9.627486364408949 -58.14725002591895
10.286789187485505 -38.57425377422505
9.957670400234047 -22.356240822426933
10.208436502502911 17.542216713348367
9.214471857323472 45.79419607473592
9.912232250712412 54.52609478965828
8.735636573819237 56.94639655143804
8.647673638925308 76.1811171231041
8.97207651826978 -65.49531348519912
10.441493546767067 -64.26539863663899
9.207707870103826 -34.46075076124711
9.037327444316784 -0.33229773136589236
10.299736906610166 14.147429672766577
8.793447514990348 44.623598648498415
10.036866295992446 49.29454713491688
9.83204232897048 79.15715018609876
9.483096570587056 93.35086981902225
9.80028043838311 -58.152519676513684
10.953480682967262 -40.076122336864486
9.818052480371751 -21.375011064569268
9.601648870015785 32.7584338635138
9.159539194188547 98.73829708880369
9.936756442090063 -64.5559679472657
10.905542990021264 -34.8714719960477
10.783136807145985 -11.615910271920278
11.022500734460131 18.126959468254594
11.294797327598005 34.836177007678835
10.398950779422986 38.139146952495565
9.874828250054787 94.47614688256873
10.672932302874353 94.71721260192923
9.970628943986352 -23.106542759106713
10.740525598831208 33.59478077293141
11.327171988504928 47.40361321210837
11.641697335243611 73.3192792406171
11.429689991073728 86.25244200759082
11.638634905304261 -33.442322038247745
11.745634648801126 -7.141427512699817
11.46561348689594 5.362580165417754
11.787295162744556 32.05325016399542
12.122440605944824 52.57400729403011
11.331874326680659 96.1608796834351
12.245606656792146 -38.1154911786645
11.189176965279358 -38.433204716205125
12.650817358970723 -15.045466573190774
10.876091799868972 -6.873615722507417
10.764429793488887 5.742398955168406
10.741477439759212 27.928261485111364
11.28960489937312 46.39009052678269
12.654570874686682 88.66918242750495
12.632056426127821 -42.39908699064928
11.769417045772053 -21.719085164559612
11.388690220060987 -15.466310111295082
11.613600209968974 1.0117988242967966
12.54504113137966 13.046650760053339
11.359333076777645 27.234728762465572
11.797601229271574 48.72138643730363
12.53450805106653 62.19952345034896
13.101255367440245 65.30290438210649
11.959748691986992 86.21494104845752
11.891574099953173 -15.092803860962993
13.207047230494261 -6.953923386819923
12.678671418062713 45.01948917685717
12.289581287407557 50.39801209517932
13.159443773315738 58.841373109066474
13.00450819359368 63.64750445221741
12.66946808482751 -58.52862186081761
13.553483479435608 -48.41284243808911
13.38923886100214 -37.06978906430323
12.945978667433417 -12.140163062326552
12.402058929465843 8.79349802787122
12.236224625323477 40.839287460375296
12.752032470264371 50.19820161579018
13.768283093097637 91.61127554226006
13.293878482953401 -55.200760691232944
12.293768004940814 -39.671789558789925
14.099454916414537 -22.069895985683093
12.91633208543405 -10.626626966678103
13.800348542087095 9.90622092801891
14.191729727701167 83.22861262747585
13.10085972833084 98.39359794477119
13.227091655288067 -71.83304557183536
14.279703842449514 -53.341463631663615
14.052410887601853 -17.754523813468186
13.099979377451021 -18.476319461605513
13.785415730534071 -12.451842994190866
13.109252358593444 41.34213784566015
13.736801339858859 43.35109830420305
13.949990196487999 58.64107401923585
13.72236203460024 64.25471372100452
13.676810487341541 75.60502567388119
13.22043558908653 86.06061060892962
14.210622334317861 45.793403952509976
13.891619125669482 47.010595244628405
14.157013006463524 56.83415845893051
14.661060674118549 -69.1434934786206
13.516240790619323 -13.630233321602452
14.305771562016394 31.42081961635409
14.189702278137085 54.549247054750104
15.093314970108983 64.6892055436468
14.126220800361398 80.20449791122604
13.725900569613668 81.44941738159015
14.601772543798461 95.94558461628276
15.003390713848939 97.74567190741482
14.668889260863686 -44.789969011313325
14.977255377661214 26.43796610097767
15.74293364851024 32.67976866796535
14.497571263130633 34.66409795356264
15.509706581179787 41.90203467938455
14.704633173087771 87.79942115667212
15.069018395681766 -71.16420111159874
15.566642220362679 -71.09169342468186
15.734231724904006 -50.41558783349203
15.590027080969683 -15.6307338631488
14.731221861787372 -12.37717104136029
14.559984524566561 2.3249455827295673
14.599790149631595 42.72266557455834
16.08016547279392 86.90661675408998
14.86159741004185 88.10509710720315
16.618530384857888 8.205348120915954
16.521195036606766 26.403014428991558
16.282531700331432 31.447149028348978
16.335984431228074 36.73011380467642
15.740347995410877 -71.29135562024695
16.69049500610521 -50.84497394474436
16.254664101586947 -37.1899601328036
16.9318849278849 48.17702367936456
15.108325085018553 92.77553380515377
15.766288657223749 -71.6480716133268
17.097515078264962 -49.279320604430545
16.312710162774373 -8.024256117939943
16.652058445889562 0.879609294777024
16.347194671534623 1.9588143194453884
16.76580694500731 6.21205813367902
15.788458845341003 50.53689008995144
16.74870008361266 51.526604616045645
16.82636038429669 54.85609186589915
17.184263516653164 81.76062901901642
16.565303857773642 89.83754732131288
16.647994407662125 -3.1808868633611054
16.188147370411095 19.53513250138429
17.497768902958576 33.366044373064895
17.17076852876317 50.045841882777204
16.31544034868294 65.51269897048603
17.17452712117027 74.47848187568535
17.788776672900173 83.43440204421796
16.942030687297155 -43.90123887459894
16.51449830573016 -11.531738898775894
17.69371417230039 -8.330189562600308
16.93960113853777 3.0858967758321363
16.979287339525282 27.88289982768418
16.29377401965735 38.38927709063693
16.52085416792274 58.63137663995802
17.781640825273605 66.10732264054563
16.612871141345536 -75.36376751985416
17.272081330847907 -49.8873051633756
18.51811280142332 -10.01132200814064
17.650674636251733 -5.067518145238849
18.304466084934678 0.512825330451733
18.026985048230163 0.4272447716930239
17.77585622457077 1.7316124861619786
17.42080046870003 2.73592714150546
17.38671326029069 11.397249155660578
16.91175679497932 15.101812104450351
17.894755661291775 17.972484944893047
17.25139660852199 60.37640658644759
16.777167676805835 72.22751639795472
17.2819543140644 94.03317180268675
18.045076477086887 94.08599628170043
17.522875055970243 -72.58550709574713
17.513850368121922 -48.320759210140466
18.04617856372193 -47.39288843175919
18.542795044436268 -8.532206288350153
17.52944132965054 3.228700103495985
18.605900419062873 7.01701642904122
18.219260484373937 25.76208964939898
18.81921376728729 -70.7833454582332
17.453461449003463 -44.295856411151306
18.651689360976228 -18.922181311773162
18.89725629281154 -5.5678774389198695
18.44096078654514 55.448373656447885
17.695234569735895 77.40733694020899
17.592539729638254 86.58454167913389
19.554233365809758 18.384088689383344
18.52518656807534 17.801927726308286
17.906084020527825 24.86914655376934
19.60806920802658 85.07421017802015
18.024408665024296 95.78603119894933
19.512652252363285 97.11058005966379
18.771618372603985 -68.16553508753269
18.539783215615223 -44.12711230714735
18.846516936050577 -43.92241947848089
19.00274854771205 -9.570654998523484
18.60098960397702 -9.01336849843554
19.090335292357533 33.40371931506613
18.842678604983934 50.119243239936004
19.243043669249268 52.55352124956524
19.73363236416444 77.76830381559238
19.056784985642715 27.99098671071548
18.56172534609398 36.134396588279365
19.250610689759792 55.747503338313614
19.614177966415166 79.44992371281684
19.33075960061945 91.76129376574394
18.957864392986284 -79.726886057486
19.65548245930637 -68.07860668845417
19.339344794571023 -54.63956799474454
20.911517645612754 -48.354797777662846
20.328467143187403 -3.9156106824231474
20.10079642586006 -2.7760723816628565
19.742065780316253 7.216616982182113
19.197713828421268 29.377194030813644
18.964119678921723 30.407620697262335
19.015492273488825 48.4529767136849
19.389997000896408 63.43391066399497
20.15989754844998 73.93218708488956
20.91276198335602 -82.34300062342483
19.79302448744133 62.48023968303398
21.222551804285203 65.7933431056538
20.70976750048862 72.80014005731597
20.898667078610625 -74.45306028786563
20.98284914387067 -67.4022362923535
20.003467099429376 -61.34614612189889
21.47688602387816 -48.37318246237203
19.716310318182984 -20.762385362457184
21.2886220416474 -5.784842653542248
21.245179718270464 -3.81878154078613
20.033374754971362 62.140701632325765
21.628772498099412 64.4566852111324
20.458885986522816 75.42454732487262
21.34368348814176 -75.93236830913759
21.255484278690147 -68.55864617686728
22.090409042343396 -55.66922109543177
20.147992201003408 -53.60299022867366
20.916484552821835 -53.19902338618791
21.185205826783235 -50.01609359496615
20.91756599132687 29.494238356147395
20.66855033662397 88.08521559153145
20.112382419301383 89.80493376304116
21.15223365261215 91.03260476673158
21.767862391771605 94.52412575598223
22.282971574849693 -71.69029622413554
20.689096662524825 -59.140271804855786
22.476700942333498 -6.816314083308118
22.18933740798661 74.75157011636577
21.621100071302486 50.96333364206002
21.50920782244968 91.22654245441616
21.34997547200471 91.7077698073263
21.297012973528933 -77.56103046702272
22.59218668521082 -58.18070483694765
21.598447080210445 -56.02763912102486
21.923176003784146 -14.100586703854246
23.166919526443227 43.86411983393799
23.035824651951774 47.89991331550039
21.973496660673856 67.07470634106768
23.21600173650341 69.38931374580211
22.45299161874448 97.79452615376265
23.522611246612936 59.30469764287182
22.90485341508986 62.975792525324714
22.88621644214219 93.55061922470586
22.579111340318125 -20.71377489362846
23.87558978300785 48.19026012328415
22.56633290747668 63.36604907203129
24.02145056052702 67.54095274105089
23.165393836062727 76.69060126388408
22.881642366117454 75.51650340974828
24.181525548749487 6.324411746928642
24.423525473870164 29.402300773777714
22.473699419643477 33.71444798642545
24.351149426034556 44.870044302559556
22.43894324519419 58.41977722853395
23.459480396366647 66.60241487331056
22.707013960401586 93.34000174234711
23.609424927912293 -75.24082398601018
24.734558901550514 -2.476497509249276
24.63326465282899 32.277116893519924
24.679358816469925 42.470921240417915
23.208878479959395 87.6747394418678
24.437481611632556 -74.55068620567157
24.54683628141888 -72.84364396024628
24.744812099162914 -15.936757972647982
23.892633065427376 -14.584282965056289
25.0218546215162 -4.616830569919158
23.932466619008043 35.15936869855008
24.807791189847556 41.147902537206534
24.213131323643132 57.283598171299815
24.85070820384342 59.029672963091116
24.97116693924302 60.724042531612604
25.097496956863356 69.00070212490675
23.694233876892866 -62.376220112916215
24.575586781769346 -29.455019961027514
24.225825083415163 -14.652105711032661
23.905950765330292 42.74627846335017
25.505093556923107 46.030744723448535
24.895783185627675 77.45748720909687
25.274897668687633 90.92571224306351
25.59003795081381 97.24210225104976
25.580258819067105 97.783874752164
25.16427932868891 26.828662525617503
25.365531316288873 88.19401954533708
25.266072459622023 -25.986045828673443
25.711072052090596 -10.880842909934252
25.61086398791562 10.343660737086626
26.346163797524383 89.72493358676022
24.854253873086485 90.10824164540294
25.185164801025586 -53.39008458780351
25.75915957996792 2.507116181872915
25.639271756584574 -82.94618600459653
26.617883216983586 -7.248289257432938
26.16686531259922 -6.761885782494348
25.959579101166252 20.982363068562485
25.40156982277266 24.17022813285776
26.023674330795735 27.634597338422033
27.352332899404836 -64.25056011816358
25.896697762680166 -12.465299904575348
27.01509091251137 90.33795400896129
26.518877594230553 92.5829216123774
27.007920226504634 -75.37072296015556
27.234290458477492 -62.498445677462975
26.347060086181788 -9.57581117828408
26.805814900551592 7.519384673939821
27.440257624420482 58.216946496087395
26.924657454328088 96.61219896425726
27.372622497400684 -64.90847169656692
27.28460114522128 -51.46429653349432
28.209148576990113 -48.181322308030026
28.217965230367998 -0.4524016482010982
26.435865970288024 36.37566246190745
26.89158893657516 64.21834485580719
26.507677525006883 99.23450805569293
27.259118354968944 -63.61245273186306
26.94895602058215 -63.61773769884469
28.433733806741795 -52.471131424305895
27.47012633686377 51.831595739851466
26.807062445398785 62.77263636593621
26.822321330349773 64.37811522161796
27.659495661862167 93.85719828775302
29.115815121122967 -74.18286016178538
27.17135631864046 -2.089444001528013
27.208008759915586 9.839391347059136
28.431136197855093 71.47030839791293
27.92184926903744 71.85875254636044
27.174636807822065 93.62015504922103
27.415558882401132 95.1070006882032
28.19261944659127 -76.96492910800217
28.30647509370182 -75.04843907906306
29.491828473739375 -74.6528890253437
28.761751697019687 -70.57375248613457
28.013844011495202 -53.028577131729634
27.71834675475699 -8.950756461130489
28.294818737568903 1.99002371206081
28.22206961547847 15.582801661411715
27.74650210501096 18.54752885171227
28.169341491330936 17.517257605789236
29.253399893176695 -74.44708917275466
29.771950848282266 -0.11910961067471115
29.490624766710116 2.3709173863080637
29.123686184580126 5.25717880294677
28.330279274082812 95.29623993329481
28.816700599953272 98.89359935628457
29.819457814689564 -34.18361178223346
28.637119780819376 -28.131808117549948
29.220548436058404 28.10001974815098
29.171527983276498 41.37854255858784
28.611864616708047 44.46160354271026
28.634018345193233 63.99955100610474
29.93874383805856 71.01528585652503
29.426307400711504 -63.426246650266485
30.46978143531662 -61.07218169523915
29.561699480626412 -46.38988647241305
30.160170965429646 -41.046331241087884
28.714078413878823 26.455389358826874
29.667189883296427 50.45128866430972
29.77861199187175 66.39235738134687
30.303463263562417 91.98539622896497
30.275962703168773 95.1236670663567
30.966844104412186 -40.51590922360343
30.058880358749985 -36.63770703337532
31.044751799675517 -35.18634416522313
29.823545779325652 -31.338242800554678
30.099625656528275 -29.00194851439479
31.001393896079104 -14.763109508825783
30.66429712873378 4.717293353219301
31.014579603744963 53.72823942026525
30.779042475077027 88.52690446124377
30.487497312411808 89.08474745882376
31.026692667920248 -65.45267799020947
29.66862132246691 -51.096109949967676
30.455301861347568 -41.669031966402954
29.509996015676993 48.1290492199208
30.172949619018222 89.20053248451326
31.250894380094948 91.57603474822402
31.093039444249648 -64.15960096002857
30.153111696842586 -51.35681351731419
31.121594509277447 -47.18428412708702
30.430569707630355 -34.51057643883266
31.670519471439654 -17.660168822428904
30.648669376103577 13.959159363491425
30.826978878959554 25.72750208924469
29.98437460499668 24.480437875347576
30.691661762248422 97.24315367730703
31.014574062997735 -71.40295703126233
30.681376007070156 -38.53613076399268
31.65766370196956 -24.490023263528638
30.822205003132716 -20.569035374270012
30.31188941521065 -7.06724656189747
32.009599546044996 33.720376740058626
31.30669115049293 69.34471207788962
31.569023679230817 89.35245981792674
30.708350878356573 92.18261914609775
32.57363273803419 -54.448770783059615
30.781184523640263 -43.296673967371525
30.897917038337766 -42.29618036660314
31.107999560686963 87.14596269819313
31.32565513073862 -57.39495144893587
32.804174220054065 37.15752802909155
32.869528353675065 51.73654670860827
31.333970686336077 56.925267494233786
32.634821696025284 -74.36339617391718
32.474855554612425 -70.41777153046975
33.28542005027282 -48.4515268596901
32.66966447553249 -43.3072042443515
32.43823203745157 -35.27631613109696
32.91596186128709 52.28679340342441
32.88552569552386 54.20307157453788
33.10698800572078 54.9352048004331
31.510679779868138 59.99037434705395
32.63651177833646 85.21823324533884
32.65734293259383 -46.088112129072265
33.585363051465464 -46.451371616492914
33.77842569376428 30.923763393971583
32.23408189031654 33.32119451612818
33.21920020618008 36.69984050161452
32.794358798080225 45.495438365441125
33.45842061300539 55.45686556323978
33.5998800052578 54.12968429282365
33.66000966154353 65.33144861834857
33.69446854172434 89.89618353936112
32.80212364722105 94.7969991714002
33.103275459976956 -48.854722625167
33.93942234915007 -21.931147413982696
34.21582763578252 46.34441728745811
33.72113388681253 60.90905796329809
34.08702261670727 64.60928315145865
34.104886811553804 -43.64818743891754
34.76780104867265 -41.15366773527428
33.98447053819956 -20.49337899933832
33.81098366256173 -15.597425995556016
33.668609276042304 28.695934045393628
33.376985678071954 29.931832745875443
34.97778683045729 37.777301976258485
33.84529194615655 97.58821669462016
33.60233342148223 -65.48823295868988
33.38694724815688 -21.711095659151177
34.48457540261439 1.3457509090111368
35.037354842286746 40.190627376365065
35.09112093729812 96.28114513922507
35.75571144876854 -71.91239224386365
35.46540274569809 -19.36739251582171
35.62019302021236 -19.148146002683195
34.276453047554796 -1.6800980208682423
35.679932304393326 98.57676636480151
34.655641442007166 -64.54496671661389
35.6153531654707 -41.751011270721484
34.927857242020885 -40.961233350529895
35.58325573021672 -23.039176049406617
34.43516709037512 46.63013388049652
36.482288955393 -71.34669556990418
34.69609287157435 -57.475296609331565
35.985171852778954 -52.60660083662757
35.3388781550302 -39.54495727183823
36.48352400979688 34.56454993988047
36.23409400338686 35.25166530762946
36.27390038780328 37.12945943131463
36.22378567319889 50.10664780486075
36.35053361732045 -63.46224826433112
36.50887794292363 -52.79334673274166
36.663841035873894 7.113017852615296
36.30970540260497 31.45666878345309
35.52700217770639 47.774078011379785
36.30261341219468 57.382133455314175
36.67112254662487 93.39921578044738
35.51333930901357 93.72666313336839
36.84851274598164 -46.92057550119009
36.04187867739013 -40.4338692612545
36.53746841721999 -26.45280939642329
35.37290994791185 29.499446487446924
35.78038036952239 34.78223529980874
37.228085323458494 39.955728760461
36.29141052584095 55.108145841828815
36.16317089393809 93.35086213629133
36.5420741273335 -53.66654625957676
35.93747415735081 -43.289087611592414
36.80023134109332 -29.48921238615306
37.87945058038096 -48.82128555881301
37.93415743678642 -49.02416346815823
36.9804497246359 -30.929996699802647
37.67652465457304 -19.20221317519922
36.226516111285505 32.37243386700307
38.10903257597117 44.0648397435233
36.56674492938008 54.22768694360684
37.216790086895976 -48.852187092248805
36.7158928202351 -19.81945655782192
37.95749038181008 -18.18222863106448
38.466435023713636 -11.132675839041793
37.974863917234785 3.4011371803185377
38.43650361753244 6.090302108199147
37.6536340142039 90.00391946661736
37.732349942511235 -47.501674731152164
38.82976033760878 -44.58868862616219
38.18059807744036 -37.48845839757286
38.424811064253305 -25.116969094301425
36.904876708830415 -23.4799506318816
38.65955810841661 -20.18562730231841
37.05100184004438 7.5774106204232625
37.15383583882971 38.304818525509425
37.94382841619916 -55.8631318633236
38.3229941377931 -53.33462450390238
38.97265321358133 -49.70881186326787
38.3355739137554 -47.04131359205334
38.943799936725526 -38.630498154130514
37.438881091502736 -29.791947129130616
38.748678777252586 -16.856218306737013
39.00364245424999 3.484998021499684
38.485479831659816 99.66754075763222
39.66224939726762 -68.9262290638155
37.80508921460859 -60.682329510235405
39.36790230304823 -48.55519022131854
39.403568998156835 -38.576051077148215
37.8331606338934 -37.430583322989015
39.628950789569735 -24.050872446383146
39.153541357711944 30.508295901237837
38.41635520199404 54.707303024923895
38.78023879494698 90.93018331130322
39.55731423965476 -73.17604431946896
39.42770309933095 -68.52989214644913
39.42702750595645 -65.85266711971855
39.848032048162004 -57.64495256303815
39.02020814331971 -54.054911832610195
39.221987066534965 -42.22053093614819
38.52464587357088 -15.666713942977447
39.68014729240661 -11.63250837269338
39.380302014179826 2.4818624361023023
39.69886492018168 17.66715148858415
39.079215777525214 36.23962099334843
38.206124596583024 46.69755857825878
39.359277288062295 98.68660380912567
39.04618351705716 -74.9469057928013
38.57179436347656 -73.15570613129462
40.05390596785945 -70.73870000495
39.526853878256354 -11.884407620809515
39.87288944110336 32.5606935424186
38.927790522851915 -46.54389102278789
39.103631429896666 -45.85220578123115
39.99188746928124 -37.726502801587095
40.660990313664456 -17.674951573486542
40.67180050676419 36.09390992248706
39.067107672603434 90.98161248148375
40.42029329117113 -37.35296525853413
40.51648751201903 -10.575698678314179
39.78012986451381 26.64329356442793
40.90329668162035 73.07317802297969
40.31095050622611 -49.213806816826
40.404492508027985 -46.435886353823996
41.176829173802204 -36.401978176762945
39.96615439756002 46.66710045406846
41.09288845797486 -34.22712328676714
41.82616638232159 -33.962701239213615
40.975801478029695 -32.19762772108698
41.532735621117546 -17.89287546694225
41.431140877545985 37.71106821302068
41.94001951095759 38.565753382461295
40.79077762003545 61.65437114224898
41.28838037045896 75.80433987301365
40.86121835746667 90.39694479642279
40.729621061631676 -55.59937430273125
41.02683181504135 -46.371001339001694
41.43570566691359 -28.6209479114746
40.64375092379962 43.86177979595233
41.85605199539522 91.0058999293451
41.80874710282811 -76.24688403935279
41.296323166941086 -64.68939965516259
41.78552797535555 -11.071082860667376
41.824372239992506 53.06044818940056
40.83916804109199 90.57908441324997
43.14680046198662 -39.03442633594893
43.04767835890375 -20.451303884060714
42.46185919621156 42.77104452034354
41.433239938875865 71.34685683445369
42.74871818499571 79.59937918771696
41.38239878206342 92.01976219844468
41.881220440054136 98.79170847710742
41.667086545611205 -73.68181991208569
42.85169123995496 -67.72048126068869
42.79249752400501 -25.20182604092132
42.16526409580214 -15.568366776574802
42.64589922112029 28.80253656570169
42.33595633373853 34.15234129020032
42.41384660242895 76.72099082597235
41.780434326348185 92.75298770900001
43.220669417612825 -65.57609010337973
43.79393481499089 -38.44236085518319
42.23531242000636 -31.81864303728038
42.52123830137873 -18.357991995750545
42.8644483587777 93.69349001985528
43.19637997844828 -78.8371493370142
43.130716749310935 -44.23689763683017
42.87359524961177 29.374587552050166
43.00323108527989 72.64568329414855
43.11271910374876 -41.74394211811526
43.80032241478237 -22.414505049889602
44.2851996965294 -84.32957671646643
44.6754340338686 -57.320057869014356
43.23810746901659 -37.72642196757585
45.12909877560226 -28.796769549755435
44.864865110864486 94.0535632686328
44.201320138437104 -57.94485396671235
44.4743351835752 -39.914666809657376
44.22176293735923 -19.514615222798692
44.672699405313786 32.44389786162489
44.96407315198871 72.54223658151433
45.07713834675108 -53.99153456997272
44.99761748141992 -39.10361361783085
45.181542768459764 79.07979044954149
44.301482646806285 83.42426273994813
45.652378799071144 85.47305810096002
45.670053019696695 85.98550195181795
45.58775989959288 87.13704779087016
45.3660437170411 -60.41374463664213
45.01053409609255 -47.205156720180625
45.4406778430044 -45.778617466296275
44.98248147011398 -33.37993583733524
45.20456997729511 -30.873411184838968
45.572597062854356 -9.762096703841795
45.63956696556892 18.408667291368676
45.42558518027688 42.078937262085724
46.30351159435314 46.16078408240742
46.19336104775191 -56.697257340443315
45.225291238934545 -18.648264827403864
46.357691222755754 6.776275945756491
45.01396480933929 17.604476705258634
45.166006199057726 53.692764286260356
45.22066920810408 65.77791672702034
45.244082984798304 -87.89940678363193
46.3338526975502 -66.94359592186986
46.10831001984511 -53.88606751454828
46.37572319053338 1.9339390206063478
46.93683861245489 10.832807004343294
45.80852751337935 96.4632295899376
46.66882304197362 -88.36322305771981
46.35326166218234 -15.630364648494673
47.27523013856998 11.763492471764529
46.6142612179691 81.68582316179179
47.17669515019002 -66.23480729072679
47.04354226074116 -64.29545451718526
46.53197730697073 -61.144971501841006
47.83108514943524 -17.357415224289696
46.58141080471204 81.91931027505518
47.165676869305834 -84.40103873082006
46.64254585797035 -66.44316875935982
46.574893812798244 -63.56923381714979
46.448821354724124 -41.57666494937941
46.386785688655586 -18.463359592778712
47.46762820728962 27.257348752391152
48.18497172733861 52.303581929042515
46.402014380500596 95.51364731790053
46.94491696570501 98.4691218424878
47.67964644432061 -63.46850164896065
48.60407296610746 -33.92058853470399
46.75830172543493 -24.722493051906426
48.18476353373166 75.67542659868155
48.1831334579143 -45.5365999001803
48.626049735791966 -23.630221918399926
48.47978585527181 24.230339682340578
47.83859343066405 75.32130909765654
47.653091046118455 -36.80290671539983
49.355746730366235 -30.667768205233607
47.6376134746648 41.32589498768562
49.76290546108002 -88.02980856230766
48.49921170721932 -74.0530415544636
48.78176162811318 -65.59200746186599
48.57870349214651 -56.58945473112033
48.70910275443748 -53.905182215004395
47.89036751120974 -23.352057328792274
48.59064427784312 -18.989198463139893
48.23354439279166 -0.9995208540237779
48.5676338259915 9.713874689571508
49.292603736348475 30.3521312343765
49.533469367692256 46.84193720374365
49.346135415871565 58.38737636727457
49.313868606990404 67.00247582466919
49.29604930265573 74.35088932146543
48.517556180385654 99.33853138360749
49.055374274973325 -57.49106537401511
50.05188225522613 -54.024830373628525
50.21558923618656 2.606442260438916
49.83763206364365 78.51244769290466
50.568741435113644 -32.17251424919036
50.46666286525118 -29.177595390229833
49.02050684527306 -16.640122962992148
50.245238190254554 12.441215338939568
49.01027574256398 41.228711017041675
49.8891673233462 46.87483859954514
49.08918598266775 87.7567995673147
49.41439735488808 95.40363536798141
48.93294269911051 98.27749991710819
50.66370831981874 -85.93760371082988
50.07456815894281 -19.963806484903305
49.24624639769476 9.169871781219337
50.36014299346617 45.40574537516372
49.38434473185831 89.97272691161054
49.64561986440169 91.90415005285772
49.71792361944078 98.04160629456356
50.281875166419645 -65.19999346482439
49.43216420311266 -63.5798795938135
51.31178067997256 -50.78880667428238
50.53169934893367 -46.59631787233345
49.64950334625261 -22.401855645999266
50.81699878034189 31.639188579386975
50.66028824125236 45.950295422121684
50.931539739525434 56.43691937847905
50.71748450021796 91.58071686342687
50.48453650352165 -89.55215028280345
50.20707278101548 -53.53373265212769
51.15933882498663 -40.708103160689994
51.50917820711544 -20.79659727366355
50.312144306930946 25.67875364239429
51.741051695914294 45.643717486666965
51.273708999473044 79.10781669929837
51.10324355677748 -63.40972479440743
51.91950912335137 -56.360706383270255
50.71288449947628 -34.37319429238485
51.80652370397843 -28.63814409997594
50.1846307353036 7.95897812583018
50.993275743551024 54.78991283364995
50.44759369024616 76.99128671738187
51.360031820512454 92.95605087320979
51.20359612060995 94.45015869858115
50.30401434618058 96.60142656165281
51.31345328542279 -86.97894636362203
51.40084549601681 -86.98336531783275
51.555074066115765 -62.853606249593554
51.84708961489361 -48.631578347777385
51.585887255993114 -43.82595608957441
52.13522494917419 -33.83488147377364
51.82024043568696 -27.95444701277272
52.31175875052383 32.6782275963438
52.161075105306445 96.83539861070199
51.14465140776309 96.20892532953353
51.8786320112353 -69.87304917103994
51.44056098847639 -56.99001275314509
50.97428036256987 -53.668668542128756
51.08088139458212 -41.37176196153489
51.492044085038394 -34.38834724379785
50.98721747050312 92.10380525398422
52.41201313830933 -75.07382189223391
52.04877089156024 -56.207808438793705
52.56303050456651 -36.06285734541503
51.64324861905174 -33.88492630741849
52.08485015373537 -25.34068071206442
53.0892305509316 -19.213221612075927
53.70749177222971 -57.67073433436095
53.61815648115507 -24.341447958481176
52.89095371279172 -23.603718763770992
52.41040051380511 -15.3042185498553
52.01514903877744 18.21178784602082
52.879537828005795 -59.08812711601972
52.970499707633714 -55.1152472863263
53.15430690096996 -20.98160701435019
53.8585075950372 -7.024264486120515
53.43630124888743 27.83016391405562
53.65943287263085 43.52626071770029
53.22018736117361 68.50335816338051
52.72385448919023 -74.73363382973301
52.615875460882926 30.309468651020577
54.24491175511528 43.37413415023715
53.818346391760116 90.83991698292175
53.079622924422395 -73.68688066155393
54.29129705917707 -72.21741366687803
54.34371117631912 -70.26532006391467
54.16663795457245 -65.85145497239193
53.50153025424392 -59.95064164111151
53.50132177753535 -55.45521004164639
54.852183980799396 -7.457572850531486
53.89699065506647 49.93731636716804
53.60034602693637 60.83507998827644
53.26803822360573 73.30964929794978
54.60170120618448 73.50566278894634
53.44288660795373 -70.8060838600049
53.666373054565796 -36.909142691637584
54.43824951116827 -23.681987004510567
54.28967475868093 -8.047142998712301
55.04708010725927 41.90197404683156
55.104738665888725 61.19583583338564
53.78335763916611 86.3891676159218
53.69890562788382 -30.637830793333393
55.48196770145318 -25.459829649724423
55.60754597994171 -13.482286078871166
54.474767665091704 -77.10388467028704
54.61160524946798 -62.48180908029661
54.81775165165789 -36.28197582092541
55.4776386975182 -11.995806870636585
54.73003433590651 6.298405479402396
54.927507373683774 31.24406553428335
54.09096583358067 51.54994160479357
55.07657045004713 54.10307463982879
55.15783137256043 -59.56639009378468
55.87622113967256 -47.44834211987742
55.056322899551084 -29.860855127337807
54.67682949264878 -26.893227049416428
55.917867286898236 29.78855084415574
56.35655951881052 34.20665224119912
54.821041434163575 51.972807658446634
55.350841111671166 54.01917570732588
55.09798687495184 62.84345288084338
55.2933584146937 84.48425607713044
55.90039525078639 -61.157679330940546
56.85748962241058 -32.88869607421093
56.71225557421842 -27.431235451117615
56.00037334203811 -24.781647867654826
55.143998770915 -20.522748859510735
54.9302714192931 99.05535976423371
56.00779084781267 -88.09240385397766
56.68849937912043 -55.19565734933399
55.36912370450302 -50.95380656776566
55.54637435372986 -34.99655101139561
56.46206860198518 -21.26169567994315
55.6792977987143 12.577899513093335
57.02451686326887 97.77123440998076
56.537978155407224 -86.17499978165054
55.72985828112831 -73.30865880583617
55.70794766707282 -72.12259549190253
55.95358928188004 -60.5572273551736
55.873857774814695 -31.58899114910885
56.57707704897105 63.6283876552081
56.586807571451594 93.40056913748582
56.89551298387889 98.70119109334631
56.473798010185625 10.467000430424802
56.03247661870892 36.18604002658665
56.48176686139486 37.403648783948924
57.94602710596982 72.14727929408622
56.084473973842655 85.76147746352824
57.79300734513396 -55.92407836475896
57.53306529863192 -54.79036055873146
56.6901739138091 -26.40554774686055
56.743292517693845 -20.891435524640592
56.68972974081171 -18.23703880869338
57.26527309991831 69.93582398434214
58.40360121562644 -85.62184168280207
57.33670631485931 -25.2755470743206
57.77344250383561 -24.735568753691723
57.58973786558657 -11.935530015193375
57.8228770948822 -10.35172680964093
58.446923698921985 7.406419201714908
57.918671583969505 10.888689070800426
57.66674996652959 11.773654641059839
58.50022373036215 99.56677059457816
58.807434644249 -85.12177919375952
58.45303786247811 -41.81279890292349
58.434483502670695 17.32971920442931
58.89747166492804 25.112175057651836
57.83226680989149 63.36382740950114
57.89268591600121 73.3263385196649
57.74861858067351 -86.04048271885806
58.87880054912247 -71.72847817272043
58.252582002550454 -69.55213020401486
57.94787689391785 -48.67969581135138
58.426570781717345 -36.27587558188021
59.06419788470612 6.9730610126808985
59.3219232984779 11.366409611634946
58.1304587920473 33.115940881280906
59.38997270278479 37.43199594283095
58.62548265304445 -70.62817144788357
59.34700922528491 -69.01395122793336
58.641259776884354 -39.16047534314785
58.056250714186774 -21.056913225703184
58.158667513911325 -3.762569558884895
59.76749465094462 51.4219357307767
58.29879842803003 64.71502266885834
58.707186578268356 64.330308811126
59.88819250831843 92.56648606021992
58.9518187650485 -65.31651055025814
58.38251286270783 -61.175008322895856
59.57255262154329 -52.751973340546876
58.859372633221334 -42.148867513624296
58.68474490454367 -34.066021295548886
59.48099267401865 -33.511044161941925
59.02897100104547 -28.32770852828895
59.533263978233414 -26.122910600947996
60.028175323870556 75.33676042892273
60.61379800197713 -64.99281095813723
59.33533277383516 -52.06618042999409
58.920096496297845 -36.270809629489676
59.433227054374406 -32.749627179933405
59.85926556834605 36.586806749227186
60.681783752159866 78.28960036828657
60.36319643068103 91.89201371081445
59.28662807189087 94.27919744805855
59.354275774920076 -43.36296742229011
60.807888699567044 -17.487670777030566
59.63560787247445 -67.80817927391236
61.295436303717366 -61.532017258311136
60.48823626188592 -58.64672685383786
59.87458236372064 -38.29293906736677
60.62459493013361 -33.94008671542428
61.07876495996903 6.973714286244255
61.10588423443416 21.738773932979754
59.89221685670143 37.78890925286883
61.059597881104715 55.65631031026345
59.71110241911388 60.0391227891397
59.654038050058595 89.55812651557117
60.41415061555517 91.94755273472433
61.5029774746383 97.75372646247847
61.525718148286494 -88.20903707026854
60.224394636767585 -37.17518011888723
60.292462774718494 -19.859287108733188
61.77201971263014 6.635585851105908
61.555109491686125 6.675403794850638
60.77384044042444 10.027895714480463
60.38690637264597 10.800062033394008
60.80280791584584 49.47062441030916
61.54603583252312 55.57057074142958
61.17364795456279 79.32533189071599
60.720045914183146 91.74573591912467
62.0257824949876 -56.26977558598754
61.59389414430309 -54.12080498892028
61.38501666062956 67.988165187152
61.19478465490857 74.23305564908571
61.590651273600194 99.51020255775107
60.86463079191989 -58.97014459591723
60.987367612847265 -48.85114745291662
62.361412543275385 -1.234532382183268
60.93826958861414 8.604697145274974
61.00209899518059 38.66086662684525
61.90608785424413 40.36194069326506
60.96368266352032 48.95835830474122
62.63262999645389 90.01477009809007
61.27237718201341 -62.11220105554907
61.31698549286632 -58.60848687276222
62.045861398808235 -42.8390912250898
62.36196484376426 -14.027361983345397
61.80022525825222 48.32929704960406
63.33393769387821 -69.46080076413746
61.735901605813844 -64.13518449677734
63.12599369961463 -46.71036557697911
61.547011144184495 -46.39325774458155
62.70123989801779 8.204018177025452
62.47798655669507 9.334019027354596
61.7035021969451 36.54479975707161
63.45948547187994 39.44125572854873
61.86758038787839 70.22104701840335
62.885846799928835 73.89384061006561
62.99101012054679 -49.90484670367146
62.666009318994654 -45.72224940551844
63.01461861478688 -32.22882651480883
63.521666570871666 86.87127805276201
62.53795755762881 -90.50488358291105
63.89658897206787 -86.36202258993316
63.323184191639555 -70.32456359788841
63.75856118154505 -48.9983825204646
63.32306080028009 -47.54145451099909
62.949260014117904 -43.89161497186743
62.994295332022055 -16.40339342703024
62.93239674304846 13.679101252200104
63.48459018416401 36.91548980826802
63.74160364864508 51.85965923937948
64.38500768229969 -70.80222300669395
63.191164822016574 -54.53030617286616
64.21094615039891 -55.58442187521057
62.90320129122437 -7.623109493103162
64.64031959830344 2.976673640189373
63.04585562473409 12.803004734447645
63.576538263486086 48.086574400496126
63.5985068659971 51.51177063587814
63.83415242231254 53.99440158938338
63.67710774916591 91.68966039366882
63.24195525490633 42.25469085856712
63.543112553014936 47.557625068109395
64.90551569875494 88.35864822270035
64.60673097142957 96.57062962982397
64.65261440896946 -60.85824435835626
64.26046062348286 -56.3992922746103
64.77911523834786 -46.28336245708533
64.01842700137256 -29.412037263525665
65.37588338496316 -17.92240572270214
64.9414944883361 -0.18577821781332093
64.53015522362045 4.980174320419957
64.18083919658078 40.41087740904618
64.4365548156345 42.56545280279707
64.15035989953117 43.67832965877304
63.60051364008242 42.84466283754511
64.72863468360612 54.277634404657036
64.43904110221244 66.84630953187833
64.03067896465046 -71.16223198102323
65.42963496013051 -58.1173265307148
64.16654829605135 -41.529559839637045
64.08573394727954 -7.270634361379075
64.34438480516165 36.580129171861905
64.08627016917131 38.23577772194563
65.38353785973993 44.82395836462988
64.27583954040398 73.98134549999757
65.33742539430793 95.5403834328678
66.22198767107567 -59.44585507946076
64.42539702754551 -53.00538767071073
64.5441365591661 18.38141471880955
64.86354217305238 37.69347510488713
64.54271769366007 40.81712518388821
64.35828613328759 47.23989468208176
65.27794401300403 68.90572331572992
65.12120064542633 90.9460141535132
65.74992267086508 -41.21898837180238
65.69467223358518 -6.617781290933751
66.35850472793027 -2.045530254773681
65.31914398604107 12.645581715236514
66.07018007260307 65.77015221300628
66.17895987095861 90.09395055254167
65.10040035788248 93.7328915732689
65.7332916752438 -68.35933754621274
65.74043116800145 -42.16822065569111
66.79771676159345 -2.3882985616311485
65.36175004589622 43.211663614981845
65.5599628498794 -89.3384207052878
66.06419546530047 -59.464615733981624
67.07631863386862 -13.832991865663963
67.14884317962311 -6.002305155283448
65.90643696098695 37.282792909753425
65.88613669837935 42.772028690414885
65.81133345320218 57.320412688934745
66.81760452920959 -24.21699986437028
66.00825325921367 -20.428121239276706
66.98322870318013 36.13188238855464
66.2253457836286 -91.72983061828644
67.05240988272101 -59.59143857522558
67.90451499954142 -59.56253027241542
68.16035105169412 -48.99104481164953
67.33641539712487 -0.4782201589096151
66.71275667374138 43.3057368812913
66.44484630216802 56.21926658607908
66.68586380189225 -71.98128506194273
68.51903755467495 -21.79314679767453
66.58463868125783 6.435383456189358
68.4111589222632 90.56983385495305
67.37190070411783 91.28369594021751
67.04159980216161 99.14468822995357
67.3798024576858 -68.2524321473353
67.81684109727168 -58.51213937544547
67.86679183416224 -4.65170160133564
68.66178789232899 25.90795684721279
67.85348832962495 74.18442884218054
67.80202288030306 91.96762871844665
68.75344020336101 -67.06127802684479
67.99448443703373 -43.71578944577307
68.00953638509255 -2.3330084955255357
69.31196569251075 27.44835950532762
69.21542430298555 51.26688203553397
69.20554386524469 59.55359830905924
68.66549815768019 76.98191187475541
67.54565086071138 89.7253531145464
68.8050221204268 -87.8624214616873
68.70891863460457 -71.93785959343775
68.81915646750916 -60.532872917406806
69.14150533424457 -40.46887971123007
68.821371630246 -6.867726180598938
68.01919256242256 -3.5924246934874287
68.8447597515739 6.445175517406458
69.3053728204191 7.893623299095969
68.99061517669094 49.05892276118538
69.01165966275214 98.16089288357604
68.49885893389838 -48.378835576467246
68.2441174805512 -42.85233541517285
69.86490989808527 -25.726921029006487
68.39715303186196 -3.7131673926102033
68.16778767620828 2.705439320676896
69.65055443143488 -68.10809332831266
69.97434187392469 -20.416701969686777
70.34324226592597 -18.369723841115174
70.12534438768691 1.8752182872532281
68.96071119446117 52.63840236088365
69.76844761650837 69.72415151719386
68.80471010103184 88.77233761539787
69.000596370505 -90.51834667345109
69.34727075056608 -25.464992356346407
70.77755683475297 -2.3397130861057596
70.51883846249558 -1.096407294257074
69.3984817194057 5.941103646155282
69.86935079245455 41.794939339549316
70.81604607660148 56.32332246500989
70.83476417619654 93.52952601568346
70.1049984651282 -73.76164756193954
69.91557433060163 -6.797012354435151
70.19811391904766 5.7171744110143905
71.12963536229555 42.164003283731816
70.12661381661115 57.74858839475564
70.2484274912716 -49.31709048646049
71.60542745058048 -8.024046708912115
70.89555936803784 46.94285741809549
71.32900090923305 -85.71886999512266
71.12436219758062 7.595178643108713
70.4008760652476 60.0139800529531
70.43641971902035 74.04833271199614
71.80860410814736 -66.19538308399787
70.53884520466292 -5.634954014120549
71.71995954161707 -2.6180750541018236
71.6888683937439 -1.889403745268648
71.38613579940618 62.10893638599868
71.50123640368092 99.82044923603436
72.23647643091476 -25.635771324271317
72.60033805759033 -21.604319668566482
72.76361494137845 36.874611809322325
71.86241296470317 91.06464631576115
71.40261949964268 93.91346849238225
72.73109536929942 95.52307620067839
73.2097699110789 -87.17283183544883
72.11810922338499 8.564548864870968
72.32830395482492 -90.85087658400428
72.36341985612452 -67.41843994022213
73.55216954688868 -52.123177571438084
72.69601358524278 -19.574654581389204
73.36794627306986 42.51943548436749
72.14407020359958 98.22136267287702
74.02708979980808 -92.2016545422661
73.90145304528271 -89.46959313920547
72.05332506825513 7.595836538546823
73.43555201212 60.06639523263562
72.36712274301301 83.70480195637639
73.63452006791204 -89.77880518654845
73.82936546187577 -70.81749710558988
72.73519546353921 -67.64178995457058
74.0416095240532 -54.056948731413556
73.56827930767189 -33.97968363676216
73.93158085792591 40.42471398565756
73.42344403728242 53.66791108939451
72.77378874745256 57.82812677960124
73.35784691839369 91.98867367255387
72.46340656264186 96.49115084226176
73.91928928784472 -24.227654894673254
74.06053197015024 94.00757299865026
74.49577960358658 -90.31446880072717
74.82005807477894 -60.66276448019669
75.50681731027916 -60.72393875650635
74.75421265689354 58.64896066537283
75.39346529471264 -86.49947745705522
75.39974725339498 -71.39069212026855
75.75004792619121 -15.74997369616504
74.09238684164617 -7.438520530901843
75.2322137117489 -87.06945510930242
76.27137750800267 -71.95953061029785
74.68071807855044 -34.407332421067146
75.39537072421243 -32.18522232335059
76.33390992249947 82.47512047538515
75.99854690696021 97.26811447004906
76.05356848404689 -64.78325544718065
75.69828683594856 39.673276687818785
74.94706573216797 81.31780233320326
75.50905155051936 41.246279286298304
76.1720328540022 54.55111466556384
76.41764262190271 95.37458846388722
77.10870192548306 97.0832599608329
76.5163299979619 -71.6645058733894
76.8762307138155 -68.6639227340137
76.61003075981222 -45.42782790145196
77.19081920202044 -29.235341193509743
76.58418913690531 26.359602708523354
76.63956296298171 92.15945846849974
77.76455217642838 96.7771299197347
76.7430135739623 -86.59858650088569
77.13258661757904 -68.85525322519683
77.59143336577606 -21.713571663024116
77.62958280394678 -56.99342183271051
77.68960205726428 -34.487021084679306
78.23511018112004 -31.586292997698216
77.73281399505117 -24.038590667361202
77.22508237536346 52.925848410955616
77.00178456710766 92.90118609515063
78.61457944402497 -69.92958454339451
78.09577356869046 -47.432204701518465
77.71196057367347 -15.655893859662747
78.66229971053578 -91.77276887979278
79.22451537496498 -29.29989601665532
78.77138904501007 -1.1765801518071954
79.5690095339318 -91.61099890831889
79.69423383067952 -35.779561673076756
78.0483826396846 -17.016588888052386
79.06769510872918 21.00928505973706
78.24846161910295 54.096272473776324
78.36970560617185 79.45454184946252
79.67170632571325 -69.07985411261687
79.56281520690645 -61.43172542252109
79.8722599446692 -47.263558447867965
80.28469285175916 -34.755488904617295
79.19666493073854 -66.31511759557473
79.719869484444 -68.78885736727712
80.73381435413133 -60.160276481367994
80.0561682699569 -46.90256648879796
80.13706428972839 95.06507066779739
79.53355143680685 96.51673945278273
80.64972793730863 -91.06542271270183
81.3096649114918 -67.99835014569527
80.80433667519954 96.7883942556105
79.95280648716991 97.5231519409044
81.1665194781389 -67.54214179153688
80.23568224007369 19.672477823196115
80.93136342387167 -59.46781065312953
80.46674258029493 7.473862853711796
80.59410804984915 49.96645663165309
81.07418990616107 89.4701381868286
82.51339829966085 -68.37489103817056
80.71973531233934 -37.976068967520035
81.380587643657 -5.249955450975671
82.63678832995919 68.9452408537881
81.95604459805568 -93.90359898576703
81.13324496174238 -21.725014265511653
81.78031198211325 -8.230637709605551
81.94634451268296 -60.453675546314024
81.74385008894917 -49.89555412267925
83.0165191835296 -41.39593974556556
81.94616259358752 9.316923134741929
83.04441188530585 96.5141281284628
81.93158030072755 -90.57314803275321
83.3191812687003 90.32445380141714
83.35338638980782 97.49270571230164
82.22938103116806 -64.55962238570895
84.11180990410898 -11.071468839300763
83.84318428424379 4.516360335760437
83.59776392857553 58.400247590504
83.45055295640461 85.10435810269054
84.09189070162378 -66.02145386501778
84.32804701076871 -52.67876021076126
82.70050672847607 -52.75898079336108
84.33073614391162 -89.92940451185211
84.92399943347215 -0.516439889548048
83.89622362156678 5.358557337290413
83.32820015005484 13.0969145124402
83.29567388715809 68.3181554089778
84.35405168139619 -51.56453297167331
84.60824445474226 -44.71552106265326
83.52047949239278 -9.149982872475656
85.07598025756552 -10.190976573069472
84.16146572693445 -0.5090625507402811
83.80507467885944 -90.21938951252976
84.8197112941256 -88.91702824654064
84.64767271630772 -87.73849313064805
85.46559420334715 -85.16111115231368
84.37188281493584 -50.56368609532155
84.21039560233224 -14.941186759340297
83.79595631734468 24.834720467273325
84.27647957950697 31.687902758410573
84.43584419279308 -84.72764789093445
85.19667914279793 -47.18778429329381
84.9267936911087 -18.691651803913924
86.05809041237477 -15.502602960158539
84.77854487266482 -9.75998987037265
85.53051216079506 1.970014428287978
84.76411513787407 6.495277667835743
85.76626602310112 8.845117386608395
84.34504750969782 16.87501865232258
85.90065165063876 31.811670111650564
85.64212372691945 48.90885647284119
86.03179519805262 90.37617721197235
84.97277199768754 -67.32280566932828
85.55837022397957 -48.79178282008547
84.82508811101414 -37.45608250880184
85.56824786591014 -6.200400083393305
84.93520991295472 21.399119976846475
85.59370156415159 73.82013342688448
85.60601365612902 85.94295469297991
85.25288545101813 94.49855192828424
85.53478588258842 -89.77155401729131
84.96132926993465 -65.87338161931378
84.96860981447894 -63.10655458872167
85.65549349597073 -56.79061927245648
86.72609951464509 -45.979480010212676
85.39423649925635 -17.295801799985636
86.17087577182144 28.176320951875798
86.64971646530067 72.78693276923279
86.28636971276383 81.35028579533918
86.31691047147963 85.87690571506856
87.01908861456236 -30.450161846856084
86.8600527305523 -14.923046889864949
86.85881507676885 -7.163949133445852
87.29934040626964 47.23545296144114
85.54044109833126 51.327378969948754
86.41115801873396 82.26167647437713
86.93131233270815 -89.8884834212324
86.7055135797941 -89.04721614803559
86.31004372052098 -62.99909480505463
85.75701082973417 -60.46806362372965
87.17495679444468 -40.85832530080537
85.84664638994322 -16.03005618482003
86.58166446992463 -14.10616406763878
86.68553621734404 -7.1181661530801605
86.3226347826545 6.3034624844761575
86.43908037606026 6.454040946321234
87.57679008185819 8.640861655505256
86.63761217357329 75.53256195378694
87.56280367602702 85.7784012837691
87.06375752267296 85.80874041037974
86.82034956488837 90.59906901749558
87.41224034794445 92.97279145006303
86.12922826322041 -63.708544315671055
86.41684442034393 -41.63039023340771
87.23359795882189 -32.54743544527533
87.98603223381672 -10.740046526937295
87.60155153324416 16.139161712023935
87.25761373999178 51.80182058299688
86.73126137587593 74.02688428402332
86.21019433415763 75.95338030929999
87.32019121212319 -61.63921284662018
88.19250594471735 -58.14286525907331
87.62798925398438 -48.83164658811529
87.64136188621603 -40.896215416587125
86.75265799823701 -26.307919223645474
87.7727845660353 -22.702199872555607
88.30248338136526 4.991729848066377
87.38682747435882 20.568319567100545
87.24207632043021 22.78731619062733
88.48797175743672 63.16354324987143
87.24144415875392 89.62675264851651
88.11411131200009 99.21005449717795
87.8987986228497 -91.31476785222858
88.6025656656767 -87.17984991523274
87.046710394392 -48.21816279723957
87.1141428532056 -46.67314996907645
87.34161535178376 -41.59508969026541
87.56651129363198 52.57991950290264
88.52268339956329 58.44354959116564
87.64192863184012 65.48369760078049
87.98831749435497 75.29155932005919
88.63807096452912 89.32039661291336
88.78923162758984 -87.92574817800109
87.80950236758854 -71.63157532185932
89.05729231273999 -47.561047699896186
87.32983360928004 -38.9312857610585
88.89907655589664 -22.682687919134942
88.65370337423707 -17.15763443060229
89.04497226437417 22.106593521017682
87.8790034647069 51.68925600914381
87.84190495174666 53.021647638888005
88.28107916629571 52.57298414563904
88.49838210099269 57.94332993157825
89.27525097704753 84.95830032176386
87.88754703737712 86.50790170879318
89.06752070851641 100.55614635729178
89.50869953267957 -68.5224468839938
89.4246211136675 -55.58888440282846
88.22649270270604 -47.47977258842543
89.34642727056988 -17.161231061989866
87.9555522050024 5.461486987200743
88.0777471167855 14.12941670356318
89.49810523872198 14.642464595550399
88.5593328189508 19.981348758978577
88.06355705575113 20.410557448720777
89.5220207568611 33.385951369395045
89.42040981219361 55.28326609108448
88.82466438543302 85.17538531715935
88.69344508728771 -14.919500232700441
89.33197126860605 -9.800834440008963
89.58588995526868 1.9385515769022397
88.4333260674385 20.338635261200732
88.39608264965435 29.134189965008154
89.10231466064005 31.822883556647824
89.47299107916247 40.89513150099638
88.21438998288231 66.45647740421936
89.89925468407806 77.59850745231661
88.45956570880394 87.55541101361754
89.26311424139608 -62.14014295513687
90.38884873252523 -57.000629395151726
88.83395469493867 -56.60746552063042
90.0317763615485 2.473926834480256
89.5233771653196 32.0086890377857
89.22437235909342 81.30598736774061
89.44942074297596 90.41032621149276
89.65753263842733 -89.07974517246882
90.66681182121569 -88.84703738000101
89.40052687543181 -53.74013560290396
89.28221947992972 -52.203305007680875
89.57023532454973 -51.60593256329529
89.35790913362236 -50.85812889351602
89.56145048561159 -48.672261424770504
89.56156232806971 -25.7815033650371
90.14222995738523 -16.578858689918746
88.84863840174715 17.958507756719865
90.70378838493528 56.24344297413148
88.89442762112108 63.38935571789124
90.51453284333296 85.88339773112115
90.1068077198237 97.69163763445141
90.92459861504666 -89.1898364015495
91.06185742998018 -63.63570558596579
89.2892401333492 27.921554221340163
91.12386326906733 45.47794491683155
89.70094195124939 55.504610964555
89.3851281329905 65.35522191912014
90.0367793930706 67.40739320642363
89.2709548921854 68.67766643792436
91.11181015703099 79.41050869849477
90.40622984258825 83.08997489736755
91.01333280616065 95.12103961295857
89.77037215092743 -51.51251051437666
90.97808978083293 -22.2293024906423
89.84950795020626 28.459333000352483
90.8361729544284 48.41797994198785
90.22613412023577 64.22367790175826
91.25953295205188 81.62356142088683
89.68949684888544 86.65227152870906
91.65278201968573 -85.73111944242874
91.9541776923 -58.79245294484319
90.60619325954946 -58.60998750002082
90.37995565758887 28.669373235887594
91.30685933112396 34.86415744412132
90.42578459655583 41.644445047734855
90.33063792720148 48.002380354629075
90.38370451607892 53.629807817850356
91.73483997895393 65.75504277553678
91.81431235187418 69.43910559979481
90.63038552270146 -82.1495784552553
91.21829249078992 -27.34807247151898
92.0471849990529 45.243132377096096
91.13547597668465 52.99622608561021
90.6870921726153 72.08047033161411
91.76706087036308 74.52088662317541
90.73504320640396 76.42945906519734
90.48161499189544 77.61462292801076
91.42381909981053 31.69806942745592
92.62980849220486 39.70518231272229
91.20619165518366 56.30139742454965
91.43687836623947 71.40548245115633
92.392467183385 85.58410899189012
93.05872317095218 25.811745016548812
91.57408680311376 36.39553327754848
93.15255831904133 71.87017856514677
92.64998998651318 74.00616697793745
93.20031554409553 -89.80296520284728
91.6251139706324 -82.73734312462055
92.77842550601018 54.45716891019794
93.17667339752327 56.03058299873894
92.70142517031282 73.03814207788383
93.44764401706796 77.89374106628807
92.84245501506719 82.26618603055371
91.85328081711431 85.41201673908773
92.75421780032397 -84.57830635214773
93.48822560854582 37.12360214046812
92.07494583383658 59.16064522221507
93.73888011180404 -89.19954036014857
93.04398409679553 64.56621921213191
94.06584902047445 70.039665563258
94.02734644681983 70.99571777938309
94.72480206240809 -90.24339722550631
94.38376072572758 -87.68399206400522
94.61148420957595 94.3291854659445
93.84634203129504 31.456531135396986
94.36671420516177 80.7371464513385
95.91199736893562 95.62396511253714
95.40628060347002 94.72053093977186
95.83147013373645 95.94661701069816
